0 0.000000 -7.042254
8 0.000000 -7.042254
353 0.000000 -7.042254
354 0.000000 -7.042254
355 0.000000 -7.042254
356 0.000000 -7.042254
357 0.000000 -7.042254
358 0.000000 -7.042254
359 0.000000 -7.042254
360 0.000000 -7.042254
361 0.000000 -7.042254
362 0.000000 -7.042254
363 0.000000 -7.042254
364 0.000000 -7.042254
365 0.000000 -7.042254
366 0.000000 -7.042254
367 0.000000 -7.042254
368 0.000000 -7.042254
369 0.000000 -7.042254
370 0.000000 -7.042254
371 0.000000 -7.042254
372 0.000000 -7.042254
373 0.000000 -7.042254
374 0.000000 -7.042254
375 0.000000 -7.042254
376 0.000000 -7.042254
377 0.000000 -7.042254
378 0.000000 -7.042254
379 0.000000 -7.042254
380 0.000000 -7.042254
381 0.000000 -7.042254
382 0.000000 -7.042254
383 0.000000 -7.042254
384 0.000000 -7.042254
385 0.000000 -7.042254
386 0.000000 -7.042254
387 0.000000 -7.042254
388 0.000000 -7.042254
389 0.000000 -7.042254
390 0.000000 -7.042254
391 0.000000 -7.042254
392 0.000000 -7.042254
393 0.000000 -7.042254
394 0.000000 -7.042254
395 0.000000 -7.042254
396 0.000000 -7.042254
397 0.000000 -7.042254
398 0.000000 -7.042254
399 0.000000 -7.042254
400 0.000000 -7.042254
401 0.000000 -7.042254
402 0.000000 -7.042254
403 0.000000 -7.042254
404 0.000000 -7.042254
405 0.000000 -7.042254
406 0.000000 -7.042254
407 0.000000 -7.042254
408 0.000000 -7.042254
409 0.000000 -7.042254
410 0.000000 -7.042254
411 0.000000 -7.042254
412 0.000000 -7.042254
413 0.000000 -7.042254
414 0.000000 -7.042254
415 0.000000 -7.042254
416 0.000000 -7.042254
417 0.000000 -7.042254
418 0.000000 -7.042254
419 0.000000 -7.042254
420 0.000000 -7.042254
421 0.000000 -7.042254
422 0.000000 -7.042254
423 0.000000 -7.042254
424 0.000000 -7.042254
425 0.000000 -7.042254
426 0.000000 -7.042254
427 0.000000 -7.042254
428 0.000000 -7.042254
429 0.000000 -7.042254
430 0.000000 -7.042254
431 0.000000 -7.042254
432 0.000000 -7.042254
433 0.000000 -7.042254
434 0.000000 -7.042254
435 0.000000 -7.042254
436 0.000000 -7.042254
437 0.000000 -7.042254
438 0.000000 -7.042254
439 0.000000 -7.042254
440 0.000000 -7.042254
441 0.000000 -7.042254
442 0.000000 -7.042254
443 0.000000 -7.042254
444 0.000000 -7.042254
445 0.000000 -7.042254
446 0.000000 -7.042254
447 0.000000 -7.042254
448 0.000000 -7.042254
449 0.000000 -7.042254
450 0.000000 -7.042254
451 0.000000 -7.042254
452 0.000000 -7.042254
453 0.000000 -7.042254
454 0.000000 -7.042254
455 0.000000 -7.042254
456 0.000000 -7.042254
457 0.000000 -7.042254
458 0.000000 -7.042254
459 0.000000 -7.042254
460 0.000000 -7.042254
461 0.000000 -7.042254
462 0.000000 -7.042254
463 0.000000 -7.042254
464 0.000000 -7.042254
465 0.000000 -7.042254
466 0.000000 -7.042254
467 0.000000 -7.042254
468 0.000000 -7.042254
469 0.000000 -7.042254
470 0.000000 -7.042254
471 0.000000 -7.042254
472 0.000000 -7.042254
473 0.000000 -7.042254
474 0.000000 -7.042254
475 0.000000 -7.042254
476 0.000000 -7.042254
477 0.000000 -7.042254
478 0.000000 -7.042254
480 0.000000 -7.042254
481 0.000000 -7.042254
482 0.000000 -7.042254
483 0.000000 -7.042254
484 0.000000 -7.042254
485 0.000000 -7.042254
486 0.000000 -7.042254
487 0.000000 -7.042254
488 0.000000 -7.042254
490 0.000000 -7.042254
492 0.000000 -7.042254
493 0.000000 -7.042254
494 0.000000 -7.042254
495 0.000000 -7.042254
